,train_loss,val_loss,train_iou0,train_iou1,val_miou0,val_miou1,train_acc,val_acc
0,0.043851967695389446,0.04004152662419214,0.9968815559832243,0.9307897238644549,0.9993854792994885,0.9580410108664442,0.9969217824865783,0.9993939464017612
1,0.01940006963690432,0.03126839942956868,0.9993077919881542,0.9515685737356587,0.9993410381184206,0.9530826370658696,0.999316721810798,0.9993495733456664
2,0.01870687106264211,0.030324679075917373,0.9992865431086345,0.9510080618415004,0.9993976966231749,0.9589570320140867,0.99929570517447,0.9994062969219202
3,0.021708075346964405,0.04998369947061011,0.9992253244102102,0.9461073687575164,0.9994336638478228,0.9610409154590812,0.9992354095988715,0.9994413107303732
4,0.020194122753441433,0.03864956743310432,0.9992229076985808,0.9470852622345345,0.9994006220228647,0.956815208720115,0.9992329794455476,0.999408625422298
5,0.01987152850320719,0.030456929716450597,0.999238642316172,0.9478758840200452,0.9993957138096332,0.957465764957471,0.9992485276383353,0.9994038058706026
6,0.021685299716847937,0.03723011003541095,0.9991790088619332,0.9440777995263903,0.9994053766928206,0.9568863666516222,0.9991894471394032,0.9994135396557262
7,0.01912026130625138,0.03965556925844984,0.9992850289090284,0.9504851967210857,0.9995637957227412,0.9688883890683455,0.9992941350320571,0.999569833226083
8,0.019768952000873873,0.03457659276941266,0.9992857339577613,0.9503144579768599,0.9994834142898567,0.9638425999090977,0.9992950917702512,0.9994906147777239
9,0.017630891756270497,0.032552828645499056,0.9993258959594193,0.9531263331851989,0.9994980098728602,0.9656421753096841,0.9993346170767925,0.9995051429777978
10,0.01770560020607192,0.027972462575551856,0.9993375395265386,0.953981511884782,0.9993922009448697,0.958138540850273,0.9993461352852743,0.9994005582032908
11,0.01709645343477947,0.05854260082784537,0.9993554265949852,0.9552156830969358,0.9986682335631581,0.9143142261617577,0.9993638196187441,0.9986865607236709
12,0.01608530124625773,0.02544317393540989,0.9993807418740777,0.9573345788796614,0.9995001384736524,0.9653452048905098,0.9993888178757372,0.9995071078332785
13,0.01613793653623626,0.02830714252435793,0.9993931758494602,0.9581956721244441,0.9994145563122432,0.9609250698203082,0.9994009865991516,0.9994220601740141
14,0.01499307643063613,0.02823251630798181,0.9994203182051153,0.960233318278066,0.9995253080167948,0.9661313284839226,0.9994278389553931,0.999531781223187
15,0.01458820584101688,0.027200832901860525,0.9994233617946465,0.9607215618052584,0.9995724923523638,0.9692627402735909,0.999430836782955,0.9995782221954095
16,0.014418121344430022,0.02677918404815395,0.9994599082877531,0.9621702101574661,0.9995063646576329,0.9663179991759383,0.9994670901214824,0.9995131498686183
17,0.013917553493492503,0.024982927545444844,0.999475361379662,0.9636857547303433,0.9995929173292871,0.9700794820560772,0.9994822664888392,0.9995983366178672
18,0.0135102033018548,0.03919405653956121,0.9995088530323127,0.9655907109312503,0.9995448714267308,0.9690873862894338,0.9995153915137415,0.999550958045097
19,0.013576502909742884,0.021341959617916913,0.9995127555642219,0.966103592427236,0.9995597522085888,0.9698003160112296,0.9995192922091037,0.9995660216578187
20,0.01322674232688983,0.021464106829614023,0.9995083585752514,0.9657682992841128,0.9995887873606671,0.9709745702292949,0.9995149174542739,0.9995944932097275
21,0.01234970584485864,0.023425903677954753,0.999518928349889,0.9670675376994994,0.9995541836682572,0.9680871109309707,0.9995252651189519,0.9995600734663217
22,0.012095898709418984,0.02087688106394231,0.9995343240942398,0.9676149105047887,0.9995781341674113,0.9710590110089159,0.9995405635925375,0.99958394331832
23,0.012080463333160592,0.024946609515567313,0.999542662987669,0.9681835571615984,0.9994927499313915,0.9661512980778213,0.9995488076781912,0.9994997343884061
24,0.011747360721046379,0.020679433165947614,0.9995555866474138,0.9695626383355307,0.999576588058858,0.9702687737954818,0.9995616477464245,0.9995823454592997
25,0.01146821115685451,0.01969181204782835,0.9995524958599721,0.9687427716495902,0.9996579173136309,0.976552865269112,0.9995585723454988,0.9996628031491315
26,0.01154849302060228,0.020864252684700605,0.9995703225891205,0.969590043328025,0.9995982315359252,0.9733844551918549,0.9995761465439461,0.9996036279024559
27,0.011161479880928086,0.020344250058467836,0.9995858792696579,0.9712961860230576,0.9996110902545048,0.9734800763476246,0.9995914902686582,0.9996164468039472
28,0.010850128957795,0.020028345272103218,0.9995925547377539,0.9715797820005226,0.9996395283666047,0.9741725030749167,0.9995981821686976,0.9996444675702493
29,0.010987211613258673,0.020254818032949217,0.9995856918410028,0.9706062561019145,0.9996493979180927,0.9755308239163647,0.9995913159680099,0.9996543111191555
30,0.010118777019747295,0.025767531009044234,0.999623224588112,0.9738156877777587,0.9996756960845025,0.9779314405683146,0.9996285083273551,0.9996802899439627
31,0.010514309351603334,0.01952447604563043,0.9996022306108046,0.9723592070251983,0.9996655663474778,0.9768000032867697,0.9996077086091452,0.9996702662483926
32,0.00986329740388844,0.01817420787023696,0.999618571122654,0.97376389842155,0.999627819036328,0.9747318706115725,0.9996239022889684,0.9996330965452053
33,0.009731368104920588,0.01822037919025336,0.9996221355612015,0.9741094144322204,0.9996579171333027,0.9773034867213889,0.9996273619653747,0.9996626397602961
34,0.009920651481008378,0.02017939289938299,0.9996299241588493,0.9742962020037667,0.9996884838813568,0.9781177675510682,0.9996351339069528,0.9996928516127734
35,0.009205930321240003,0.01871701325979857,0.999651206667556,0.9758417107816612,0.9996646400699063,0.9767697167319142,0.9996561445576815,0.9996693420541084
36,0.009422166426325979,0.017464124861738244,0.9996472860184326,0.9751863380106993,0.9996894817899501,0.9783239718084755,0.9996522302151473,0.9996938621098796
37,0.00882807123425046,0.018940757267364987,0.9996667648961277,0.9770288123324321,0.9996794633552788,0.977420256460758,0.9996715845308396,0.9996839632601358
38,0.008946359099104143,0.0175617422268485,0.9996715919219341,0.9770418603155118,0.9996808344583158,0.9780673948661401,0.9996763009436762,0.9996853818103819
39,0.008175594084072096,0.018465031879777844,0.9996780520074182,0.9780688971871963,0.9997034233540988,0.979103057062199,0.9996827136753605,0.9997076697232946
40,0.008368385044071003,0.02033063306069654,0.9996842243430383,0.9780327399969986,0.9997091012310221,0.9799449838031532,0.9996887945654235,0.9997132718656149
41,0.008646586605854044,0.017597211110603396,0.9996811714588754,0.9779904399408459,0.9996914276759613,0.9783234513795162,0.9996857790204816,0.9996957213910342
42,0.008259392728225134,0.018073188044619836,0.9996882737022242,0.9783034068596981,0.9996908484338721,0.9784479353490779,0.9996927881572863,0.9996952396034425
43,0.008356785223969163,0.017979350680378252,0.9996837464303958,0.978197208468268,0.9996963438516739,0.9789841233480163,0.999688310689573,0.9997007118725869
44,0.00806442899646941,0.0169089276230733,0.9996913242311877,0.9790561596311469,0.9997016140419528,0.9797808503896097,0.9996957953223793,0.9997060006435005
45,0.008139795657832566,0.016696074268499464,0.9996916878774775,0.9790917502352863,0.999708869699464,0.9796539749985214,0.9996961183053206,0.9997130230118499
46,0.008090869928983477,0.019219256504205088,0.9996967657125498,0.9791719969561488,0.9997110506802235,0.9794519046137584,0.9997011933752753,0.9997151344983359
47,0.008051177042089784,0.01747944547470951,0.9996847948574721,0.9786801956472757,0.9997170509434105,0.9800390958453392,0.9996893830695457,0.9997210935824207
48,0.0077111555510975295,0.016722366803156707,0.9996991229429469,0.9791648039842398,0.9997251860803252,0.9812312546796785,0.9997034937608033,0.99972909963535
49,0.00813777668199928,0.0165912921026234,0.9997004391706904,0.9793507883278986,0.9997140269030281,0.9804062676935853,0.9997048249580912,0.9997181802338047
