,train_loss,val_loss,train_iou0,train_iou1,val_miou0,val_miou1,train_acc,val_acc
0,0.05094697308697428,0.03312267483370271,0.9951665404110218,0.9177801808257161,0.9995154565618194,0.9653987523386257,0.9952329597648985,0.9995220533033025
1,0.019564094724621055,0.035786145634146435,0.9992719545915382,0.9485312805485494,0.9994394185644843,0.9620754051347474,0.9992815487532314,0.9994474709084099
2,0.019103254129311163,0.03151705546527526,0.9992743365514473,0.9495462762330444,0.9994303918348274,0.9593860744955588,0.9992837569605384,0.9994384627372896
3,0.018819821499422067,0.028711363540164063,0.9992825529232056,0.9507218612674249,0.999437016416621,0.960820358950252,0.9992918219570556,0.9994448474702391
4,0.020013997738458387,0.031138587563251895,0.9992623272926324,0.947808586552038,0.9994238744134317,0.958584784818397,0.9992719217547146,0.9994318383673846
5,0.02047171500048683,0.027842310356501216,0.9992468566084002,0.9475323682244189,0.9994104692461891,0.9594255511857264,0.9992564511352953,0.999418743799605
6,0.01873473089016951,0.027132157107606587,0.9993006867516581,0.9518659427193693,0.9995538786032585,0.9686197867029428,0.999309892960246,0.999559987163502
7,0.0189417265765558,0.02833256051766877,0.9992897990153262,0.9512455139924946,0.9994124598708647,0.9591395648523618,0.9992988660497569,0.9994204112036139
8,0.01783016100788895,0.02821852561022871,0.9993181127878277,0.9526356461688403,0.9995629004032553,0.9692224908652588,0.9993269825645754,0.9995689651705267
9,0.018047372924800163,0.02998913735309508,0.9993137112032299,0.9532088545915566,0.999515682662223,0.9657284013028882,0.9993225872192815,0.9995222125026827
10,0.017217856121437735,0.02690765518177315,0.999349009251095,0.9546833733713,0.9994301204218411,0.9601495898097125,0.999357349185882,0.9994380303852964
11,0.016362834268164084,0.03856377169960916,0.9993556109668323,0.9569359884297489,0.999256358250768,0.9492539532716868,0.9993637791560942,0.9992667653702797
12,0.017834502228125534,0.026399873549471032,0.9993475386770763,0.9543482598038895,0.9994652695982581,0.9618110738073581,0.9993561657131875,0.9994725448104336
13,0.016426896577524653,0.06236677859207745,0.9993922685271115,0.9579911656704289,0.9993729112821025,0.9549751865024181,0.9994001840499964,0.9993810227638353
14,0.01697065916746922,0.037600724283303764,0.9993692684267379,0.9560020555675247,0.9991742478936494,0.9477877816370188,0.9993773355808552,0.9991853131032832
15,0.015495982898575142,0.037703739824339846,0.9994235053208511,0.9597845655765357,0.9994375287892457,0.9598936943859796,0.9994310908117895,0.9994453451777678
16,0.01483033065349587,0.03153321367526973,0.9994211943086038,0.9599870125229673,0.999593580144739,0.9707874696669114,0.9994285656071484,0.9995991694819826
17,0.014895857502437144,0.025331387845403786,0.9994353033363877,0.9617959769274927,0.9995801817169061,0.9710084215216607,0.9994426411030816,0.9995859827461401
18,0.01428665096030241,0.023096865672259916,0.999441525765851,0.9623128921639542,0.9995931705495747,0.9714760518968099,0.9994487909472474,0.9995988360011798
19,0.013461784611103459,0.022046376787428115,0.9994838655878087,0.9643522904179905,0.9995730209087529,0.9705955265619548,0.9994906571019682,0.9995790458427171
20,0.01353604853238922,0.023829463741040436,0.9994937899042439,0.9651537419033267,0.9995693972280637,0.9693916156111015,0.9995004648655821,0.9995753339835386
21,0.013075870820923256,0.022922781386575785,0.9994954865096568,0.9655960538871791,0.9996061308841571,0.9726626943949831,0.9995020393176316,0.9996116188733384
22,0.01302565069507893,0.02128252461121119,0.999490007625073,0.9653053966777055,0.9995912477229488,0.9713873376721422,0.9994965253835356,0.9995968217101023
23,0.012612604087716773,0.021167469619769733,0.9995180311348202,0.9662682391407431,0.9996218053252619,0.973062674285988,0.9995244525139882,0.9996270880255254
24,0.012347100330113917,0.02199219435304918,0.9995396836466223,0.9683445841334423,0.9995947091913657,0.9717265166026396,0.9995459156760311,0.9996003106901532
25,0.011939441683494206,0.021391792689597514,0.9995566266848231,0.9690540707299523,0.9996181282363888,0.973183673272591,0.999562741913983,0.9996233878968267
26,0.011669304507769339,0.020899914858078864,0.9995360978717109,0.9684964004089087,0.9996124177220634,0.9718054592310081,0.9995421234397225,0.9996175989047072
27,0.011441323189556004,0.023278713436675,0.9995476632075678,0.969258705921449,0.999638574896349,0.9755277966877857,0.9995537975132092,0.9996437603898545
28,0.011334973282512813,0.02156922581091408,0.9995685544337749,0.9701080386285186,0.9996364004333003,0.9741790286562765,0.9995743772007857,0.999641262635402
29,0.011168007038598214,0.0198498693996012,0.9995806935892969,0.9702900042331559,0.9996554020271077,0.9758677964796466,0.9995864020303906,0.9996602224434258
30,0.010423745847743216,0.024528182167416028,0.9996020652417026,0.9722579026921179,0.9996368019379726,0.9747286037618127,0.9996075431671844,0.9996417636944989
31,0.010482546406496393,0.021787279914502668,0.9996060663283649,0.9729434047414822,0.9996275878044969,0.9743820367270993,0.9996115307734492,0.9996328359609605
32,0.010341740006448196,0.021044849284443088,0.9996022728949018,0.9726789936834296,0.9996352189526191,0.974101371513564,0.99960780749125,0.9996402605172142
33,0.010021051559364013,0.018070210107409126,0.9996159791475097,0.9736502096239475,0.9996671036500234,0.9770457255468549,0.9996213066936849,0.9996717794803752
34,0.009848781147043047,0.018564442647936514,0.9996247165293994,0.9741030497575486,0.9996541145967809,0.9754739453067933,0.9996299637856869,0.9996589069538299
35,0.010088127746301419,0.01811054777102293,0.9996205583958433,0.9737119086482745,0.9996281740696462,0.9749902584917329,0.9996257851190893,0.9996335272214175
36,0.009368582217360618,0.02007608885326671,0.9996391672440841,0.9754652556282849,0.9996627877074191,0.976371243882312,0.9996442147793949,0.999667538073787
37,0.008979462230746985,0.019797491044539626,0.9996504852229416,0.9758996618732607,0.999665593806581,0.9771955715904695,0.9996554435242908,0.9996704070141561
38,0.009610891534870002,0.022242393443526333,0.9996476630391222,0.9754027361284823,0.9996645615269548,0.9764344867880141,0.9996525955761341,0.99966915939377
39,0.009125689558342875,0.02010707191072951,0.9996586980977151,0.9760876494997144,0.9996327685700068,0.9743511079468608,0.9996635552084859,0.9996379026906344
40,0.0088841023259047,0.02192900760734772,0.9996537110812312,0.9759111714106636,0.9996867582020477,0.9778341900239123,0.9996585653734732,0.9996911775056311
41,0.008672926487370662,0.019046865219185596,0.999675685338407,0.9774198462228253,0.9996768833221866,0.9773457518636304,0.9996803570251978,0.999681375851297
42,0.008977236680877769,0.01853316812713102,0.999677254228463,0.9773034344281419,0.9996795781962081,0.9783194706826954,0.9996818651568035,0.9996842112760062
43,0.008581683029133386,0.018602537951687474,0.999679206611198,0.9776088538284934,0.9996932745087154,0.9789066829772094,0.9996838107160031,0.9996977046801263
44,0.00864415155226036,0.019209550051234345,0.9996830929016794,0.978057344652974,0.9996802262329813,0.977847101720287,0.9996877126084839,0.9996847081456443
45,0.008058192924979555,0.01841340593087512,0.9996966881660103,0.9788599014562147,0.9996941392323646,0.9789257960990555,0.9997011330404347,0.9996985207864125
46,0.008100851695378145,0.02003016471398143,0.9996942460952148,0.9788842748360181,0.9996880589585655,0.9785034842498123,0.999698742152644,0.9996924469111983
47,0.008633320938445634,0.01823495652591342,0.9996874818728039,0.977931185483916,0.9996983777907819,0.9794488723374724,0.9996919884812171,0.9997027404078184
48,0.008144149420606348,0.02053602052127219,0.9996946699856256,0.9786785093802954,0.9996885694233993,0.9779037531828683,0.9996990938664579,0.9996929085893932
49,0.00821787539839056,0.02049966480638688,0.9996925137411239,0.9783254816463184,0.9996764046201181,0.9785361693056919,0.9996969759219932,0.9996810038274885
