,train_loss,val_loss,train_iou0,train_iou1,val_miou0,val_miou1,train_acc,val_acc
0,0.04684720416997197,0.04200564552391574,0.996373218107492,0.91287870072029,0.9993767355286708,0.9550947606739437,0.9964177727575375,0.9993850521838803
1,0.021120234748199813,0.0374837215969152,0.9992094335174303,0.9453254496769297,0.9992325734516689,0.9485013245396312,0.9992199564573991,0.9992435783998276
2,0.021016211373672312,0.033465330499048165,0.999203249504428,0.9445746341496231,0.9994213175508093,0.959937411730179,0.9992137690236724,0.9994292526343299
3,0.02072425705365531,0.03143178079126828,0.999210451305615,0.946017197352845,0.9993810473568843,0.9582583859135927,0.9992208643531021,0.9993898968723209
4,0.019949936708690236,0.0306467729572499,0.999235272642701,0.9473445070700146,0.9994587841172424,0.9623476020152866,0.9992454864750354,0.9994663712261361
5,0.021532931866285385,0.034373206604257744,0.9991854014234646,0.9435379575640748,0.9994161099781312,0.9593739242099779,0.9991959788648023,0.9994239621876341
6,0.020302615596687574,0.0313744492871996,0.9992181837673353,0.9461612340930301,0.9994078261254187,0.9581738359785987,0.9992286437168245,0.9994160156249987
7,0.019694157848331915,0.03258604011480412,0.9992546786320632,0.9490494305767321,0.9994094267067098,0.9591805929339968,0.9992647955395887,0.9994177693318308
8,0.02029985757180903,0.04263680293134856,0.9992082859895692,0.9452162221250964,0.9993311508251743,0.9536663729940594,0.999218705227719,0.9993405559577435
9,0.019155780640833526,0.030628803503990863,0.999249684345572,0.9489235168678025,0.9994501966106089,0.9611088962221591,0.9992598047468753,0.9994576001783008
10,0.018031960832890506,0.02741876780468985,0.999289100535317,0.952020071098504,0.9994938624641371,0.9644718696263658,0.999298598613178,0.9995009426278952
11,0.016751978266182778,0.02691160836396274,0.9993348200349197,0.9543876404479814,0.9994616743555812,0.9627366575169078,0.9993438851787741,0.9994691379437461
12,0.016856007487163777,0.031924158830238816,0.9993487534196828,0.9551100710953921,0.9994005669006332,0.9579786360501336,0.9993575476683527,0.999409035151222
13,0.016069219208779496,0.034304323135857184,0.9993743344368109,0.9563613114607311,0.9992497531026059,0.9474782668949245,0.999382732436618,0.9992596566991095
14,0.01611233924598567,0.029935705259758763,0.9993791758598995,0.9568138692906202,0.9993938352197129,0.9569742907197456,0.9993875690402942,0.9994017044388134
15,0.015443919224831845,0.03240395225836216,0.9993987389766681,0.9586736561114276,0.9993534678830047,0.9550975905100564,0.9994068316565977,0.9993624023018551
16,0.014862192818107509,0.025435912435796303,0.9994171322696983,0.9598383496784864,0.9995357715452701,0.9669070028664236,0.9994249414464709,0.9995420319873449
17,0.014596029469220992,0.03252417433352486,0.9994310685298864,0.9605544607069338,0.999508516235326,0.9657655206228177,0.999438792841568,0.9995152940328719
18,0.014193721721863287,0.02469174005045821,0.9994540416410413,0.961764610981622,0.9995765548408951,0.9700826706828624,0.9994614251108611,0.9995824929281952
19,0.013585916167332249,0.02396469585827649,0.999473437327112,0.9638626691959126,0.9995176646574058,0.9665194035897084,0.9994807499773998,0.9995243776142198
20,0.013069373804084145,0.024383438570230738,0.9994857930380595,0.9648719078918561,0.9994777297400785,0.9632352519268887,0.9994928389726278,0.9994848014867544
21,0.01340983209734707,0.02484656108262801,0.9995013416693814,0.9644653259826588,0.9995199615460816,0.9662490538676579,0.9995082073580129,0.9995267178450764
22,0.013203313868326738,0.022630598467260486,0.999506024435349,0.9654159120018782,0.9995453819018214,0.9677791923928543,0.9995128758860584,0.999551559651167
23,0.01245443257179807,0.025277832800796637,0.9995137172426931,0.9658687788252354,0.9995605533266531,0.9689868882930972,0.9995203739266181,0.9995667514612822
24,0.012291099835104072,0.027348989766436307,0.9995217573849454,0.9665802151314921,0.9996207700425022,0.9739825540347516,0.9995283354919796,0.9996260741768543
25,0.012513029362728108,0.038431777774165725,0.9995200437951781,0.9666825426537337,0.9995567658872151,0.969270302574929,0.999526663354956,0.9995628736995935
26,0.01211581721335923,0.021101892066820126,0.9995395959537574,0.9677600777328446,0.9996284169401125,0.973749738708842,0.9995459393789986,0.9996335247077446
27,0.01123983435466845,0.02372937166486223,0.9995650451647231,0.9699555706176826,0.9995674973092976,0.9707175566163602,0.9995712124947147,0.9995735651946588
28,0.011108311574189638,0.021529871694254597,0.9995745201550018,0.9708558816647792,0.9996441903372604,0.9750938324707076,0.9995805979144445,0.9996491413288277
29,0.01085495278355277,0.0221100029841238,0.9995741033844141,0.9704977381299335,0.9996297996785993,0.97398479034477,0.9995801331925165,0.9996350831858635
30,0.010627140577161766,0.022772061410198226,0.9995889918120705,0.9714165898653455,0.9996377389579104,0.9751504240668413,0.9995948089243447,0.9996428931721907
31,0.010770492558497774,0.019125392380222553,0.9995759214813235,0.9706265774306517,0.9996076835214478,0.9728866245833646,0.9995818311873254,0.9996134329083537
32,0.010362475390054183,0.019051320474364697,0.9995972508059829,0.9723027134212502,0.9996538869321224,0.9762567145560005,0.9996029814222321,0.9996589438210542
33,0.010065548107728774,0.019259187604685434,0.9996104213492742,0.9730571053232792,0.9996565780844089,0.9756249935371963,0.9996160008190249,0.9996613167296772
34,0.00992529070892796,0.019598478249824358,0.9996182233807194,0.9733959021796316,0.9996458671938678,0.9750428116486894,0.9996236877650897,0.9996508665473499
35,0.009456764785514256,0.020501959004932045,0.9996404882556919,0.9752968595808936,0.999672178571434,0.9777838596014075,0.9996457382341319,0.9996769484328079
36,0.00888624609178747,0.019619085012960273,0.9996520912405283,0.9760466302022295,0.9996892628423487,0.9783076613934236,0.9996572087972411,0.9996937992680202
37,0.0088254303148472,0.02427264887364905,0.9996614421851027,0.9768092608744812,0.9996425528421143,0.9752736403500809,0.999666471871322,0.9996475803370324
38,0.009295787095951101,0.018145136778606064,0.999643477783291,0.9754772401586395,0.9996944607319608,0.9792218150698736,0.9996486716566497,0.9996989497868393
39,0.008660742432144293,0.01766783211768594,0.9996636690226675,0.9768232210030694,0.999678565168067,0.9772534918034402,0.9996686139976056,0.999683204968361
40,0.008542142301116294,0.01701520136121243,0.999668333961627,0.9772773055931155,0.9997098206172503,0.9799091759935498,0.9996731819675826,0.999714085458226
41,0.008783143329635512,0.021038996660858574,0.9996640057361935,0.9765943708151926,0.9996817217585969,0.9783465262919112,0.9996689230939602,0.9996863814148972
42,0.008553467801876534,0.0202554740709285,0.9996641487424054,0.9768332494572395,0.999678700938287,0.9775158676585699,0.9996690813532003,0.9996833499235844
43,0.008613568633611736,0.019533533099894935,0.9996779932230482,0.9778513485361211,0.9996863484927675,0.9785338627328647,0.9996827701794199,0.9996909227866254
44,0.008345146989020839,0.018431591240588137,0.9996782658481037,0.9779086396605482,0.9996766574031004,0.9771015936809591,0.9996830543756757,0.9996812744664291
45,0.008131456362606504,0.018679264247863335,0.9996877602580239,0.9784865635846697,0.9996910692370071,0.9790102391426007,0.9996923943048528,0.9996955789494851
46,0.00808375773182563,0.019104315186231426,0.9996893582080866,0.9786076624306789,0.9997109742803069,0.9795774056744436,0.9996940096983933,0.9997151336604478
47,0.008032236366951925,0.018372404978081985,0.9996901204839612,0.9784233563165612,0.9996927866763184,0.9789734752794231,0.999694749997317,0.9996972983027685
48,0.007969645977462131,0.017716029828142837,0.9996929289772272,0.9790269367438664,0.999695361558843,0.9792166043297451,0.9996975275548271,0.9996998438170303
49,0.007826862788021626,0.01772120495312848,0.9996952746957369,0.9790518414661128,0.9997054757919456,0.9799092415501384,0.9996998221941824,0.99970982645592
