,train_loss,val_loss,train_iou0,train_iou1,val_miou0,val_miou1,train_acc,val_acc
0,0.0442858233421939,0.03007516903617567,0.9974745530792931,0.9200802275210817,0.9993955690138895,0.9581800731529372,0.9975074954068942,0.9994039642320893
1,0.01955113835618005,0.02883053031537869,0.9992726347953589,0.9498853397139982,0.9994335829068296,0.9615995120187057,0.9992819933635521,0.9994416752131623
2,0.019204480850856194,0.029702737985689436,0.999279760116291,0.949894477508543,0.9994516310982998,0.9616429617073892,0.9992891933212598,0.9994590472168577
3,0.01838264450108647,0.04048579048914169,0.9992888072925084,0.9505825931408588,0.9994891652529718,0.9644578895806581,0.9992981870433718,0.9994963107638892
4,0.019835707415076134,0.03120179865410386,0.999248643839602,0.9478707057686194,0.9993999962370103,0.9583713924261695,0.9992584390725352,0.9994079073493152
5,0.01939027471270984,0.03536076957499698,0.9992714929007322,0.950388175006991,0.9995462553020867,0.9685728177211198,0.9992810110069935,0.9995523841363677
6,0.01964303047841354,0.02912986260840155,0.9992734377085385,0.9492031757111223,0.9993687417460874,0.957478295655345,0.9992829105967912,0.9993773812875368
7,0.018721986521119276,0.026004471685638485,0.9993000456928844,0.9515856256580174,0.9995023820665205,0.9656092383213006,0.9993091732517831,0.9995093466792688
8,0.019567318630979345,0.029206888691223728,0.999260491450388,0.9503246355171692,0.9994735533958918,0.9650354905671654,0.9992697925573254,0.9994808784789241
9,0.018470761451162464,0.03391441018608287,0.9992967910280136,0.9509870554385108,0.9994532161573763,0.9623037627040429,0.9993058021622458,0.9994610589942619
10,0.017690224456087096,0.025543284880781267,0.9993493909150176,0.9547478578880229,0.9995381805158882,0.9675804171095111,0.9993578613137588,0.9995445096323998
11,0.016597603617169436,0.024513303978965548,0.9993489295159157,0.9564220111584,0.9995124283543103,0.9661469002799835,0.9993573233280926,0.9995190226498822
12,0.015946151786615344,0.025165957952612467,0.9994004142104139,0.958681880380818,0.9995047381720018,0.965405253478309,0.9994083515199782,0.9995116265819391
13,0.015565309752253955,0.026201896058776663,0.9994108395622344,0.9585582624941705,0.9994958297542629,0.9643143182792981,0.9994186618345158,0.99950278850279
14,0.01500641397921416,0.024783704517558434,0.9994244931901083,0.9599605097081491,0.9995755399669461,0.9702117535357887,0.9994320918434172,0.9995813182043657
15,0.014828794917623149,0.024203143062781988,0.9994422866852783,0.9605143462418654,0.9995493201343929,0.9679049826043795,0.9994496576620258,0.9995553025123328
16,0.014089095055344305,0.07838768944633395,0.9994483242424754,0.9623874426017095,0.9993899544774815,0.9549868511234666,0.9994555058319844,0.9993976163663667
17,0.013662738719378046,0.02365315211972509,0.999488053064625,0.9639844827038175,0.9996125027898447,0.973801053806917,0.9994948879629895,0.9996179524949056
18,0.013414121045717034,0.032474107708077175,0.9994962717393666,0.9652779804517172,0.9995960765133745,0.9721920269119462,0.9995028811323202,0.9996017426466639
19,0.013334117770307621,0.030590081867190172,0.9994987258930546,0.9654062104849379,0.9995602482945178,0.9691780298030996,0.9995053287635918,0.999566445630899
20,0.013016868102083119,0.02217609400008751,0.9995252824112144,0.9661578103013807,0.999584819986685,0.9705078436943564,0.9995316503168832,0.999590515738954
21,0.012237095136243919,0.021831331745825678,0.9995295367568201,0.9680020926057936,0.9996486133412867,0.9756474214003501,0.9995358052805063,0.9996535796399103
22,0.012255719001219991,0.021818253299642418,0.9995260152266325,0.9673847046122132,0.9995996815611006,0.9718839614281252,0.9995323420127354,0.9996051855426854
23,0.012260950067450867,0.020177630719713464,0.9995304430922618,0.9671077961328314,0.9996155912967181,0.9738509284719994,0.9995367749475962,0.9996210803437372
24,0.01214947731608964,0.02108794228357742,0.999536758259612,0.9679736395724069,0.9995947631126303,0.9721771404170073,0.9995429872814123,0.9996005578681356
25,0.011621902135980874,0.021994258179311357,0.9995560461022412,0.9688842666056213,0.9996162401246386,0.9734541401836533,0.9995620377680788,0.9996215755375902
26,0.011426338976921493,0.022673205939217705,0.9995518960108266,0.9698770927414455,0.9996284430212443,0.9737774334281888,0.9995578365956284,0.999633552358162
27,0.011253216081894425,0.019132786969434917,0.9995673143092569,0.9712095297724258,0.9996227069708449,0.9737296577712274,0.9995731276470715,0.9996280222745068
28,0.011257377236141163,0.020842752670761355,0.9995805203521154,0.9711372533914786,0.9995615744602995,0.9698144088226146,0.9995862657981518,0.9995676186789453
29,0.010843220811718639,0.022338781002765113,0.9995876585584866,0.9713848273287167,0.9996248410981157,0.9738419343980277,0.9995933062994939,0.9996299762373992
30,0.010569585716789169,0.02343313269066621,0.999597276474687,0.9726298776205767,0.9996064966105433,0.9729945316840349,0.99960282771204,0.9996120068170846
31,0.01017773101281577,0.018799174222672667,0.9996108453488461,0.9732885437909786,0.9996465011745482,0.9753350953213131,0.9996163688136686,0.9996514296104152
32,0.010114459534981662,0.01896552224405023,0.9996305822229615,0.9743362711447495,0.9996969700036044,0.9793209507114926,0.9996357532967707,0.9997012833145653
33,0.009950878099685935,0.018843272692635367,0.999621989425946,0.9740685223293817,0.9996385261767038,0.9749843115260247,0.9996272408168482,0.9996435349970505
34,0.00982487567314929,0.02093577850161802,0.9996324170442371,0.9744041561042298,0.9996593117893772,0.9764587846867905,0.9996375722006944,0.9996640482558447
35,0.009283781686422908,0.02462307870905832,0.9996504513496824,0.9753771670690468,0.9996800102236845,0.9775511590887201,0.999655426764612,0.9996844366688115
36,0.009539456186507436,0.018850262011441247,0.9996475649236872,0.9754841145455826,0.9996522476721199,0.9761842897790477,0.9996525400297729,0.9996571633016949
37,0.00909967197405112,0.018508748787600893,0.9996616617872659,0.9764759327335996,0.9996803213539411,0.9778477108650095,0.9996665123339756,0.9996848815891786
38,0.00852453350304237,0.020078415320790643,0.9996724500691663,0.9774047338839918,0.9996778277969429,0.9781504883908289,0.9996772148249817,0.9996824852195949
39,0.00880680529297109,0.02093069441400785,0.9996687553539414,0.9770274174495436,0.9996812818225873,0.9780824841350139,0.9996735284140709,0.9996858577327323
40,0.008630431972030285,0.017433814870186408,0.9996746867425305,0.9776993497865004,0.9996990064711917,0.9798247432218113,0.9996793617397469,0.9997035288636856
41,0.008803888142372932,0.018778120514360962,0.9996609319896841,0.9767995656837238,0.9997008012689199,0.9792127483914831,0.9996657646129076,0.9997050873418064
42,0.008539218502894944,0.018469070660690305,0.9996830931985544,0.9783406490475836,0.9996948717626027,0.9788658301448075,0.9996877336777957,0.9996992145605447
43,0.008277173252641124,0.018295698137730226,0.999687461933149,0.9781266556436085,0.9997149375217317,0.9806252435163116,0.9996919779465632,0.9997191672699504
44,0.008080854716188059,0.017241115797972703,0.999695916512192,0.9791920687245168,0.9997099607948935,0.9806729736198992,0.9997004116559983,0.9997142790111534
45,0.007918689124434546,0.017793404685539038,0.9997002114339586,0.9791048259735617,0.9997128394269196,0.9806860107551336,0.9997046130678741,0.9997170976780348
46,0.008299450571117818,0.018044582659308177,0.9996917941537984,0.9786570729793374,0.9997131638221235,0.9802405855680016,0.9996962638750991,0.9997173440181253
47,0.007821028450757633,0.01807947545674282,0.9997037868351909,0.9795338931895691,0.999716483992415,0.9805568804893976,0.9997081206290769,0.9997206101190493
48,0.008058823893768984,0.018436394080350672,0.9996950408789174,0.9789404146559849,0.999722313157715,0.9805981471221764,0.9996995028025994,0.9997263689470717
49,0.007812719592446563,0.017840469521556893,0.9997025173546555,0.9796393336471978,0.999713374870483,0.9807010564353823,0.9997069203966993,0.9997175208132217
